Timestamp,R100,X100,R500,X500,R1000,X1000,R5000,X5000,R10000,X10000,R50000,X50000,Fluido
0,555.7,45.5,500.13,40.95,444.56,36.4,388.99,31.85,333.42,27.3,277.85,22.75,0.0
1,544.59,45.0,490.13,40.5,435.67,36.0,381.21,31.5,326.75,27.0,272.29,22.5,2.0000000000000018
2,533.69,44.5,480.32,40.05,426.96,35.6,373.59,31.15,320.22,26.7,266.85,22.25,3.959999999999997
3,523.02,44.0,470.72,39.6,418.42,35.2,366.11,30.8,313.81,26.4,261.51,22.0,5.880800000000008
4,512.56,43.5,461.3,39.15,410.05,34.8,358.79,30.45,307.54,26.1,256.28,21.75,7.763184000000001
5,502.31,43.0,452.08,38.7,401.85,34.4,351.62,30.1,301.39,25.8,251.15,21.5,9.607920319999996
6,492.26,42.5,443.04,38.25,393.81,34.0,344.58,29.75,295.36,25.5,246.13,21.25,11.415761913599997
7,482.42,42.0,434.18,37.8,385.93,33.6,337.69,29.4,289.45,25.2,241.21,21.0,13.187446675328008
8,472.77,41.5,425.49,37.35,378.22,33.2,330.94,29.05,283.66,24.9,236.38,20.75,14.92369774182144
9,463.31,41.0,416.98,36.9,370.65,32.8,324.32,28.7,277.99,24.6,231.66,20.5,16.62522378698502
10,454.05,40.5,408.64,36.45,363.24,32.4,317.83,28.35,272.43,24.3,227.02,20.25,18.29271931124532
11,444.97,40.0,400.47,36.0,355.97,32.0,311.48,28.0,266.98,24.0,222.48,20.0,19.926864925020414
12,436.07,39.5,392.46,35.55,348.85,31.6,305.25,27.65,261.64,23.7,218.03,19.75,21.528327626520007
13,427.35,39.0,384.61,35.1,341.88,31.2,299.14,27.3,256.41,23.4,213.67,19.5,23.0977610739896
14,418.8,38.5,376.92,34.65,335.04,30.8,293.16,26.95,251.28,23.1,209.4,19.25,24.63580585250982
15,410.42,38.0,369.38,34.2,328.34,30.4,287.3,26.6,246.25,22.8,205.21,19.0,26.14308973545961
16,402.21,37.5,361.99,33.75,321.77,30.0,281.55,26.25,241.33,22.5,201.11,18.75,27.620227940750432
17,394.17,37.0,354.75,33.3,315.34,29.6,275.92,25.9,236.5,22.2,197.09,18.5,29.06782338193542
18,386.29,36.5,347.66,32.85,309.03,29.2,270.4,25.55,231.77,21.9,193.14,18.25,30.486466914296717
19,378.56,36.0,340.7,32.4,302.85,28.8,264.99,25.2,227.14,21.6,189.28,18.0,31.876737576010783
20,370.99,35.5,333.89,31.95,296.79,28.4,259.69,24.85,222.59,21.3,185.49,17.75,33.23920282449057
21,363.57,35.0,327.21,31.5,290.86,28.0,254.5,24.5,218.14,21.0,181.78,17.5,34.57441876800076
22,356.3,34.5,320.67,31.05,285.04,27.6,249.41,24.15,213.78,20.7,178.15,17.25,35.882930392640745
23,349.17,34.0,314.26,30.6,279.34,27.2,244.42,23.8,209.5,20.4,174.59,17.0,37.165271784787926
24,342.19,33.5,307.97,30.15,273.75,26.8,239.53,23.45,205.31,20.1,171.09,16.75,38.42196634909216
25,335.35,33.0,301.81,29.7,268.28,26.4,234.74,23.1,201.21,19.8,167.67,16.5,39.653527022110325
26,328.64,32.5,295.77,29.25,262.91,26.0,230.05,22.75,197.18,19.5,164.32,16.25,40.860456481668116
27,322.07,32.0,289.86,28.8,257.65,25.6,225.45,22.4,193.24,19.2,161.03,16.0,42.04324735203476
28,315.62,31.5,284.06,28.35,252.5,25.2,220.94,22.05,189.37,18.9,157.81,15.75,43.20238240499407
29,309.31,31.0,278.38,27.9,247.45,24.8,216.52,21.7,185.59,18.6,154.66,15.5,44.33833475689419
30,303.13,30.5,272.81,27.45,242.5,24.4,212.19,21.35,181.88,18.3,151.56,15.25,45.45156806175631
31,297.06,30.0,267.36,27.0,237.65,24.0,207.94,21.0,178.24,18.0,148.53,15.0,46.542536700521175
32,291.12,29.5,262.01,26.55,232.9,23.6,203.79,20.65,174.67,17.7,145.56,14.75,47.611685966510755
33,285.3,29.0,256.77,26.1,228.24,23.2,199.71,20.3,171.18,17.4,142.65,14.5,48.65945224718053
34,279.59,28.5,251.63,25.65,223.67,22.8,195.72,19.95,167.76,17.1,139.8,14.25,49.68626320223692
35,274.0,28.0,246.6,25.2,219.2,22.4,191.8,19.6,164.4,16.8,137.0,14.0,50.692537938192196
36,268.52,27.5,241.67,24.75,214.82,22.0,187.97,19.25,161.11,16.5,134.26,13.75,51.67868717942834
37,263.15,27.0,236.84,24.3,210.52,21.6,184.21,18.9,157.89,16.2,131.58,13.5,52.645113435839775
38,257.89,26.5,232.1,23.85,206.31,21.2,180.52,18.55,154.73,15.9,128.94,13.25,53.59221116712298
39,252.73,26.0,227.46,23.4,202.18,20.8,176.91,18.2,151.64,15.6,126.37,13.0,54.52036694378053
40,247.68,25.5,222.91,22.95,198.14,20.4,173.37,17.85,148.61,15.3,123.84,12.75,55.42995960490491
41,242.72,25.0,218.45,22.5,194.18,20.0,169.91,17.5,145.63,15.0,121.36,12.5,56.32136041280682
42,237.87,24.5,214.08,22.05,190.29,19.6,166.51,17.15,142.72,14.7,118.93,12.25,57.19493320455068
43,233.11,24.0,209.8,21.6,186.49,19.2,163.18,16.8,139.87,14.4,116.56,12.0,58.05103454045967
44,228.45,23.5,205.6,21.15,182.76,18.8,159.91,16.45,137.07,14.1,114.22,11.75,58.89001384965047
45,223.88,23.0,201.49,20.7,179.1,18.4,156.72,16.1,134.33,13.8,111.94,11.5,59.71221357265746
46,219.4,22.5,197.46,20.25,175.52,18.0,153.58,15.75,131.64,13.5,109.7,11.25,60.517969301204324
47,215.01,22.0,193.51,19.8,172.01,17.6,150.51,15.4,129.01,13.2,107.51,11.0,61.30760991518023
48,210.71,21.5,189.64,19.35,168.57,17.2,147.5,15.05,126.43,12.9,105.36,10.75,62.08145771687663
49,206.5,21.0,185.85,18.9,165.2,16.8,144.55,14.7,123.9,12.6,103.25,10.5,62.83982856253909
50,202.37,20.5,182.13,18.45,161.9,16.4,141.66,14.35,121.42,12.3,101.18,10.25,63.58303199128831
51,198.32,20.0,178.49,18.0,158.66,16.0,138.83,14.0,118.99,12.0,99.16,10.0,64.31137135146254
52,194.36,19.5,174.92,17.55,155.48,15.6,136.05,13.65,116.61,11.7,97.18,9.75,65.0251439244333
53,190.47,19.0,171.42,17.1,152.37,15.2,133.33,13.3,114.28,11.4,95.23,9.5,65.72464104594462
54,186.66,18.5,167.99,16.65,149.33,14.8,130.66,12.95,112.0,11.1,93.33,9.25,66.41014822502574
55,182.93,18.0,164.63,16.2,146.34,14.4,128.05,12.6,109.76,10.8,91.46,9.0,67.08194526052522
56,179.27,17.5,161.34,15.75,143.41,14.0,125.49,12.25,107.56,10.5,89.63,8.75,67.74030635531471
57,175.68,17.0,158.11,15.3,140.55,13.6,122.98,11.9,105.41,10.2,87.84,8.5,68.38550022820841
58,172.17,16.5,154.95,14.85,137.73,13.2,120.52,11.55,103.3,9.9,86.08,8.25,69.01779022364425
59,168.72,16.0,151.85,14.4,134.98,12.8,118.11,11.2,101.23,9.6,84.36,8.0,69.63743441917137
60,165.35,15.5,148.82,13.95,132.28,12.4,115.75,10.85,99.21,9.3,82.68,7.75,70.24468573078795
61,162.04,15.0,145.84,13.5,129.63,12.0,113.43,10.5,97.23,9.0,81.02,7.5,70.83979201617218
62,158.8,14.5,142.92,13.05,127.04,11.6,111.16,10.15,95.28,8.7,79.4,7.25,71.42299617584875
63,155.63,14.0,140.06,12.6,124.5,11.2,108.94,9.8,93.38,8.4,77.81,7.0,71.99453625233177
64,152.51,13.5,137.26,12.15,122.01,10.8,106.76,9.45,91.51,8.1,76.26,6.75,72.55464552728515
65,149.46,13.0,134.52,11.7,119.57,10.4,104.62,9.1,89.68,7.8,74.73,6.5,73.10355261673945
66,146.47,12.5,131.83,11.25,117.18,10.0,102.53,8.75,87.88,7.5,73.24,6.25,73.64148156440464
67,143.54,12.0,129.19,10.8,114.84,9.6,100.48,8.4,86.13,7.2,71.77,6.0,74.16865193311656
68,140.67,11.5,126.61,10.35,112.54,9.2,98.47,8.05,84.4,6.9,70.34,5.75,74.68527889445423
69,137.86,11.0,124.07,9.9,110.29,8.8,96.5,7.7,82.72,6.6,68.93,5.5,75.19157331656514
70,135.1,10.5,121.59,9.45,108.08,8.4,94.57,7.35,81.06,6.3,67.55,5.25,75.68774185023383
71,132.4,10.0,119.16,9.0,105.92,8.0,92.68,7.0,79.44,6.0,66.2,5.0,76.17398701322917
72,129.75,9.5,116.78,8.55,103.8,7.6,90.83,6.65,77.85,5.7,64.88,4.75,76.65050727296459
73,127.16,9.0,114.44,8.1,101.73,7.2,89.01,6.3,76.29,5.4,63.58,4.5,77.11749712750529
74,124.61,8.5,112.15,7.65,99.69,6.8,87.23,5.95,74.77,5.1,62.31,4.25,77.57514718495518
75,122.12,8.0,109.91,7.2,97.7,6.4,85.49,5.6,73.27,4.8,61.06,4.0,78.02364424125608
76,119.68,7.5,107.71,6.75,95.74,6.0,83.78,5.25,71.81,4.5,59.84,3.75,78.46317135643096
77,117.29,7.0,105.56,6.3,93.83,5.6,82.1,4.9,70.37,4.2,58.64,3.5,78.89390792930234
78,114.94,6.5,103.45,5.85,91.95,5.2,80.46,4.55,68.96,3.9,57.47,3.25,79.3160297707163
79,112.64,6.0,101.38,5.4,90.11,4.8,78.85,4.2,67.59,3.6,56.32,3.0,79.72970917530198
80,110.39,5.5,99.35,4.95,88.31,4.4,77.27,3.85,66.23,3.3,55.19,2.75,80.13511499179593
81,108.18,5.0,97.36,4.5,86.55,4.0,75.73,3.5,64.91,3.0,54.09,2.5,80.53241269196
82,106.02,4.5,95.42,4.05,84.81,3.6,74.21,3.15,63.61,2.7,53.01,2.25,80.92176443812082
83,103.9,4.0,93.51,3.6,83.12,3.2,72.73,2.8,62.34,2.4,51.95,2.0,81.30332914935839
84,101.82,3.5,91.64,3.15,81.46,2.8,71.27,2.45,61.09,2.1,50.91,1.75,81.67726256637123
85,99.78,3.0,89.8,2.7,79.83,2.4,69.85,2.1,59.87,1.8,49.89,1.5,82.0437173150438
86,97.79,2.5,88.01,2.25,78.23,2.0,68.45,1.75,58.67,1.5,48.89,1.25,82.40284296874293
87,95.83,2.0,86.25,1.8,76.67,1.6,67.08,1.4,57.5,1.2,47.92,1.0,82.75478610936806
88,93.92,1.5,84.52,1.35,75.13,1.2,65.74,1.05,56.35,0.9,46.96,0.75,83.0996903871807
89,92.04,1.0,82.83,0.9,73.63,0.8,64.43,0.7,55.22,0.6,46.02,0.5,83.43769657943709
90,90.2,0.5,81.18,0.45,72.16,0.4,63.14,0.35,54.12,0.3,45.1,0.25,83.76894264784835
91,88.39,0.0,79.55,0.0,70.71,0.0,61.87,0.0,53.04,0.0,44.2,0.0,84.0935637948914
92,86.62,-0.5,77.96,-0.45,69.3,-0.4,60.64,-0.35,51.97,-0.3,43.31,-0.25,84.41169251899355
93,84.89,-1.0,76.4,-0.9,67.91,-0.8,59.42,-0.7,50.94,-0.6,42.45,-0.5,84.72345866861369
94,83.19,-1.5,74.87,-1.35,66.56,-1.2,58.24,-1.05,49.92,-0.9,41.6,-0.75,85.02898949524142
95,81.53,-2.0,73.38,-1.8,65.22,-1.6,57.07,-1.4,48.92,-1.2,40.77,-1.0,85.32840970533658
96,79.9,-2.5,71.91,-2.25,63.92,-2.0,55.93,-1.75,47.94,-1.5,39.95,-1.25,85.62184151122986
97,78.3,-3.0,70.47,-2.7,62.64,-2.4,54.81,-2.1,46.98,-1.8,39.15,-1.5,85.90940468100526
98,76.74,-3.5,69.06,-3.15,61.39,-2.8,53.71,-2.45,46.04,-2.1,38.37,-1.75,86.19121658738516
99,75.2,-4.0,67.68,-3.6,60.16,-3.2,52.64,-2.8,45.12,-2.4,37.6,-2.0,86.46739225563745
100,73.7,-4.5,66.33,-4.05,58.96,-3.6,51.59,-3.15,44.22,-2.7,36.85,-2.25,86.73804441052471
101,72.22,-5.0,65.0,-4.5,57.78,-4.0,50.56,-3.5,43.33,-3.0,36.11,-2.5,87.0032835223142
102,70.78,-5.5,63.7,-4.95,56.62,-4.4,49.54,-3.85,42.47,-3.3,35.39,-2.75,87.26321785186792
103,69.36,-6.0,62.43,-5.4,55.49,-4.8,48.55,-4.2,41.62,-3.6,34.68,-3.0,87.51795349483056
104,67.98,-6.5,61.18,-5.85,54.38,-5.2,47.58,-4.55,40.79,-3.9,33.99,-3.25,87.76759442493396
105,66.62,-7.0,59.95,-6.3,53.29,-5.6,46.63,-4.9,39.97,-4.2,33.31,-3.5,88.01224253643527
106,65.28,-7.5,58.76,-6.75,52.23,-6.0,45.7,-5.25,39.17,-4.5,32.64,-3.75,88.25199768570657
107,63.98,-8.0,57.58,-7.2,51.18,-6.4,44.78,-5.6,38.39,-4.8,31.99,-4.0,88.48695773199245
108,62.7,-8.5,56.43,-7.65,50.16,-6.8,43.89,-5.95,37.62,-5.1,31.35,-4.25,88.7172185773526
109,61.44,-9.0,55.3,-8.1,49.16,-7.2,43.01,-6.3,36.87,-5.4,30.72,-4.5,88.94287420580554
110,60.22,-9.5,54.19,-8.55,48.17,-7.6,42.15,-6.65,36.13,-5.7,30.11,-4.75,89.16401672168944
111,59.01,-10.0,53.11,-9.0,47.21,-8.0,41.31,-7.0,35.41,-6.0,29.51,-5.0,89.38073638725564
112,57.83,-10.5,52.05,-9.45,46.26,-8.4,40.48,-7.35,34.7,-6.3,28.92,-5.25,89.59312165951053
113,56.67,-11.0,51.01,-9.9,45.34,-8.8,39.67,-7.7,34.0,-6.6,28.34,-5.5,89.80125922632031
114,55.54,-11.5,49.99,-10.35,44.43,-9.2,38.88,-8.05,33.32,-6.9,27.77,-5.75,90.00523404179391
115,54.43,-12.0,48.99,-10.8,43.54,-9.6,38.1,-8.4,32.66,-7.2,27.22,-6.0,90.20512936095804
116,53.34,-12.5,48.01,-11.25,42.67,-10.0,37.34,-8.75,32.0,-7.5,26.67,-6.25,90.40102677373886
117,52.27,-13.0,47.05,-11.7,41.82,-10.4,36.59,-9.1,31.36,-7.8,26.14,-6.5,90.5930062382641
118,51.23,-13.5,46.11,-12.15,40.98,-10.8,35.86,-9.45,30.74,-8.1,25.61,-6.75,90.7811461134988
119,50.2,-14.0,45.18,-12.6,40.16,-11.2,35.14,-9.8,30.12,-8.4,25.1,-7.0,90.96552319122884
120,49.2,-14.5,44.28,-13.05,39.36,-11.6,34.44,-10.15,29.52,-8.7,24.6,-7.25,91.14621272740426
121,48.22,-15.0,43.39,-13.5,38.57,-12.0,33.75,-10.5,28.93,-9.0,24.11,-7.5,91.32328847285618
122,47.25,-15.5,42.53,-13.95,37.8,-12.4,33.08,-10.85,28.35,-9.3,23.63,-7.75,91.49682270339905
123,46.31,-16.0,41.68,-14.4,37.05,-12.8,32.41,-11.2,27.78,-9.6,23.15,-8.0,91.66688624933107
124,45.38,-16.5,40.84,-14.85,36.3,-13.2,31.77,-11.55,27.23,-9.9,22.69,-8.25,91.83354852434445
125,44.47,-17.0,40.03,-15.3,35.58,-13.6,31.13,-11.9,26.68,-10.2,22.24,-8.5,91.99687755385756
126,43.58,-17.5,39.23,-15.75,34.87,-14.0,30.51,-12.25,26.15,-10.5,21.79,-8.75,92.1569400027804
127,42.71,-18.0,38.44,-16.2,34.17,-14.4,29.9,-12.6,25.63,-10.8,21.36,-9.0,92.3138012027248
128,41.86,-18.5,37.67,-16.65,33.49,-14.8,29.3,-12.95,25.11,-11.1,20.93,-9.25,92.4675251786703
129,41.02,-19.0,36.92,-17.1,32.82,-15.2,28.71,-13.3,24.61,-11.4,20.51,-9.5,92.6181746750969
130,40.2,-19.5,36.18,-17.55,32.16,-15.6,28.14,-13.65,24.12,-11.7,20.1,-9.75,92.76581118159496
131,39.4,-20.0,35.46,-18.0,31.52,-16.0,27.58,-14.0,23.64,-12.0,19.7,-10.0,92.91049495796307
132,38.61,-20.5,34.75,-18.45,30.89,-16.4,27.03,-14.35,23.17,-12.3,19.3,-10.25,93.0522850588038
133,37.84,-21.0,34.05,-18.9,30.27,-16.8,26.49,-14.7,22.7,-12.6,18.92,-10.5,93.19123935762774
134,37.08,-21.5,33.37,-19.35,29.66,-17.2,25.96,-15.05,22.25,-12.9,18.54,-10.75,93.32741457047517
135,36.34,-22.0,32.7,-19.8,29.07,-17.6,25.44,-15.4,21.8,-13.2,18.17,-11.0,93.46086627906567
136,35.61,-22.5,32.05,-20.25,28.49,-18.0,24.93,-15.75,21.37,-13.5,17.81,-11.25,93.59164895348435
137,34.9,-23.0,31.41,-20.7,27.92,-18.4,24.43,-16.1,20.94,-13.8,17.45,-11.5,93.71981597441467
138,34.2,-23.5,30.78,-21.15,27.36,-18.8,23.94,-16.45,20.52,-14.1,17.1,-11.75,93.84541965492637
139,33.52,-24.0,30.17,-21.6,26.81,-19.2,23.46,-16.8,20.11,-14.4,16.76,-12.0,93.96851126182784
140,32.85,-24.5,29.56,-22.05,26.28,-19.6,22.99,-17.15,19.71,-14.7,16.42,-12.25,94.0891410365913
141,32.19,-25.0,28.97,-22.5,25.75,-20.0,22.53,-17.5,19.31,-15.0,16.09,-12.5,94.20735821585947
142,31.55,-25.5,28.39,-22.95,25.24,-20.4,22.08,-17.85,18.93,-15.3,15.77,-12.75,94.32321105154227
143,30.91,-26.0,27.82,-23.4,24.73,-20.8,21.64,-18.2,18.55,-15.6,15.46,-13.0,94.43674683051142
144,30.3,-26.5,27.27,-23.85,24.24,-21.2,21.21,-18.55,18.18,-15.9,15.15,-13.25,94.5480118939012
145,29.69,-27.0,26.72,-24.3,23.75,-21.6,20.78,-18.9,17.81,-16.2,14.85,-13.5,94.65705165602319
146,29.1,-27.5,26.19,-24.75,23.28,-22.0,20.37,-19.25,17.46,-16.5,14.55,-13.75,94.76391062290271
147,28.52,-28.0,25.66,-25.2,22.81,-22.4,19.96,-19.6,17.11,-16.8,14.26,-14.0,94.86863241044466
148,27.94,-28.5,25.15,-25.65,22.36,-22.8,19.56,-19.95,16.77,-17.1,13.97,-14.25,94.97125976223577
149,27.39,-29.0,24.65,-26.1,21.91,-23.2,19.17,-20.3,16.43,-17.4,13.69,-14.5,95.07183456699106
150,26.84,-29.5,24.15,-26.55,21.47,-23.6,18.79,-20.65,16.1,-17.7,13.42,-14.75,95.17039787565123
151,26.3,-30.0,23.67,-27.0,21.04,-24.0,18.41,-21.0,15.78,-18.0,13.15,-15.0,95.26698991813821
152,25.78,-30.5,23.2,-27.45,20.62,-24.4,18.04,-21.35,15.47,-18.3,12.89,-15.25,95.36165011977545
153,25.26,-31.0,22.73,-27.9,20.21,-24.8,17.68,-21.7,15.16,-18.6,12.63,-15.5,95.45441711737993
154,24.75,-31.5,22.28,-28.35,19.8,-25.2,17.33,-22.05,14.85,-18.9,12.38,-15.75,95.54532877503233
155,24.26,-32.0,21.83,-28.8,19.41,-25.6,16.98,-22.4,14.56,-19.2,12.13,-16.0,95.63442219953168
156,23.77,-32.5,21.4,-29.25,19.02,-26.0,16.64,-22.75,14.26,-19.5,11.89,-16.25,95.72173375554107
157,23.3,-33.0,20.97,-29.7,18.64,-26.4,16.31,-23.1,13.98,-19.8,11.65,-16.5,95.80729908043023
158,22.83,-33.5,20.55,-30.15,18.27,-26.8,15.98,-23.45,13.7,-20.1,11.42,-16.75,95.89115309882163
159,22.38,-34.0,20.14,-30.6,17.9,-27.2,15.66,-23.8,13.43,-20.4,11.19,-17.0,95.9733300368452
160,21.93,-34.5,19.74,-31.05,17.54,-27.6,15.35,-24.15,13.16,-20.7,10.96,-17.25,96.05386343610829
161,21.49,-35.0,19.34,-31.5,17.19,-28.0,15.04,-24.5,12.89,-21.0,10.75,-17.5,96.13278616738613
162,21.06,-35.5,18.95,-31.95,16.85,-28.4,14.74,-24.85,12.64,-21.3,10.53,-17.75,96.21013044403841
163,20.64,-36.0,18.58,-32.4,16.51,-28.8,14.45,-25.2,12.38,-21.6,10.32,-18.0,96.28592783515764
164,20.23,-36.5,18.2,-32.85,16.18,-29.2,14.16,-25.55,12.14,-21.9,10.11,-18.25,96.36020927845449
165,19.82,-37.0,17.84,-33.3,15.86,-29.6,13.88,-25.9,11.89,-22.2,9.91,-18.5,96.4330050928854
166,19.43,-37.5,17.48,-33.75,15.54,-30.0,13.6,-26.25,11.66,-22.5,9.71,-18.75,96.5043449910277
167,19.04,-38.0,17.13,-34.2,15.23,-30.4,13.33,-26.6,11.42,-22.8,9.52,-19.0,96.57425809120713
168,18.66,-38.5,16.79,-34.65,14.92,-30.8,13.06,-26.95,11.19,-23.1,9.33,-19.25,96.64277292938299
169,18.28,-39.0,16.45,-35.1,14.63,-31.2,12.8,-27.3,10.97,-23.4,9.14,-19.5,96.70991747079533
170,17.92,-39.5,16.13,-35.55,14.33,-31.6,12.54,-27.65,10.75,-23.7,8.96,-19.75,96.77571912137942
171,17.56,-40.0,15.8,-36.0,14.05,-32.0,12.29,-28.0,10.54,-24.0,8.78,-20.0,96.84020473895184
172,17.21,-40.5,15.49,-36.45,13.77,-32.4,12.05,-28.35,10.32,-24.3,8.6,-20.25,96.9034006441728
173,16.86,-41.0,15.18,-36.9,13.49,-32.8,11.8,-28.7,10.12,-24.6,8.43,-20.5,96.96533263128934
174,16.53,-41.5,14.87,-37.35,13.22,-33.2,11.57,-29.05,9.92,-24.9,8.26,-20.75,97.02602597866355
175,16.2,-42.0,14.58,-37.8,12.96,-33.6,11.34,-29.4,9.72,-25.2,8.1,-21.0,97.08550545909029
176,15.87,-42.5,14.28,-38.25,12.7,-34.0,11.11,-29.75,9.52,-25.5,7.94,-21.25,97.14379534990847
177,15.55,-43.0,14.0,-38.7,12.44,-34.4,10.89,-30.1,9.33,-25.8,7.78,-21.5,97.2009194429103
178,15.24,-43.5,13.72,-39.15,12.19,-34.8,10.67,-30.45,9.15,-26.1,7.62,-21.75,97.25690105405211
179,14.94,-44.0,13.44,-39.6,11.95,-35.2,10.46,-30.8,8.96,-26.4,7.47,-22.0,97.31176303297107
180,14.64,-44.5,13.18,-40.05,11.71,-35.6,10.25,-31.15,8.78,-26.7,7.32,-22.25,97.36552777231165
181,14.35,-45.0,12.91,-40.5,11.48,-36.0,10.04,-31.5,8.61,-27.0,7.17,-22.5,97.41821721686541
182,14.06,-45.5,12.65,-40.95,11.25,-36.4,9.84,-31.85,8.44,-27.3,7.03,-22.75,97.4698528725281
183,13.78,-46.0,12.4,-41.4,11.02,-36.8,9.65,-32.2,8.27,-27.6,6.89,-23.0,97.52045581507754
184,13.5,-46.5,12.15,-41.85,10.8,-37.2,9.45,-32.55,8.1,-27.9,6.75,-23.25,97.570046698776
185,13.23,-47.0,11.91,-42.3,10.59,-37.6,9.26,-32.9,7.94,-28.2,6.62,-23.5,97.61864576480048
186,12.97,-47.5,11.67,-42.75,10.37,-38.0,9.08,-33.25,7.78,-28.5,6.48,-23.75,97.66627284950445
187,12.71,-48.0,11.44,-43.2,10.17,-38.4,8.9,-33.6,7.63,-28.8,6.35,-24.0,97.71294739251437
188,12.45,-48.5,11.21,-43.65,9.96,-38.8,8.72,-33.95,7.47,-29.1,6.23,-24.25,97.75868844466407
189,12.21,-49.0,10.99,-44.1,9.76,-39.2,8.54,-34.3,7.32,-29.4,6.1,-24.5,97.8035146757708
190,11.96,-49.5,10.77,-44.55,9.57,-39.6,8.37,-34.65,7.18,-29.7,5.98,-24.75,97.84744438225539
191,11.72,-50.0,10.55,-45.0,9.38,-40.0,8.21,-35.0,7.03,-30.0,5.86,-25.0,97.89049549461028
192,11.49,-50.5,10.34,-45.45,9.19,-40.4,8.04,-35.35,6.89,-30.3,5.74,-25.25,97.93268558471807
193,11.26,-51.0,10.13,-45.9,9.01,-40.8,7.88,-35.7,6.75,-30.6,5.63,-25.5,97.97403187302372
194,11.03,-51.5,9.93,-46.35,8.83,-41.2,7.72,-36.05,6.62,-30.9,5.52,-25.75,98.01455123556325
195,10.81,-52.0,9.73,-46.8,8.65,-41.6,7.57,-36.4,6.49,-31.2,5.41,-26.0,98.05426021085198
196,10.6,-52.5,9.54,-47.25,8.48,-42.0,7.42,-36.75,6.36,-31.5,5.3,-26.25,98.09317500663494
197,10.38,-53.0,9.35,-47.7,8.31,-42.4,7.27,-37.1,6.23,-31.8,5.19,-26.5,98.13131150650223
198,10.18,-53.5,9.16,-48.15,8.14,-42.8,7.12,-37.45,6.11,-32.1,5.09,-26.75,98.16868527637219
199,9.97,-54.0,8.98,-48.6,7.98,-43.2,6.98,-37.8,5.98,-32.4,4.99,-27.0,98.20531157084474
